0.3159045946109737
0.3058039657483682
0.2957033368857627
0.28560270802315724
0.27550207916055175
0.26540145029794626
0.25530082143534083
0.24520019257273534
0.23509956371012986
0.22499893484752437
0.21489830598491888
0.2047976771223134
0.1946970482597079
0.18459641939710242
0.17449579053449696
0.16439516167189147
0.15429453280928598
0.1441939039466805
0.134093275084075
0.12399264622146955
0.11389201735886406
0.10379138849625857
0.09369075963365309
0.0835901307710476
0.07348950190844211
0.06338887304583662
0.05328824418323114
0.043187615320625705
0.03308698645802022
0.02298635759541473
0.012885728732809243
0.0027850998702037555
-0.007315528992401732
-0.01741615785500722
-0.027516786717612707
-0.037617415580218194
-0.04771804444282368
-0.05781867330542917
-0.0679193021680346
-0.07801993103064009
-0.08812055989324558
-0.09822118875585106
-0.10832181761845655
-0.11842244648106204
-0.12852307534366753
-0.138623704206273
-0.1487243330688785
-0.158824961931484
-0.16892559079408948
-0.1790262196566949
-0.18912684851930045
-0.19922747738190588
-0.20932810624451142
-0.21942873510711686
-0.2295293639697223
-0.23962999283232783
-0.24973062169493326
-0.2598312505575388
-0.26993187942014424
-0.2800325082827498
-0.2901331371453552
-0.30023376600796076
-0.3103343948705662
-0.32043502373317173
-0.33053565259577716
-0.3406362814583826
-0.35073691032098814
-0.36083753918359357
-0.3709381680461991
-0.38103879690880454
-0.3911394257714101
-0.4012400546340155
-0.41134068349662106
-0.4214413123592265
-0.43154194122183204
-0.44164257008443747
-0.4517431989470429
-0.46184382780964844
-0.4719444566722539
-0.4820450855348594
-0.49214571439746485
-0.5022463432600703
-0.5123469721226759
-0.5224476009852814
-0.5325482298478867
-0.5426488587104923
-0.5527494875730978
-0.5628501164357032
-0.5729507452983087
-0.5830513741609142
-0.5931520030235198
-0.6032526318861251
-0.6133532607487306
-0.6234538896113362
-0.6335545184739416
