0.40840704496667307
0.3983640063047735
0.38832096764287394
0.37827792898097434
0.36823489031907475
0.3581918516571752
0.3481488129952756
0.3381057743333761
0.3280627356714765
0.3180196970095769
0.30797665834767735
0.29793361968577775
0.2878905810238782
0.2778475423619786
0.267804503700079
0.2577614650381794
0.2477184263762799
0.23767538771438032
0.22763234905248075
0.21758931039058116
0.2075462717286816
0.19750323306678202
0.18746019440488243
0.17741715574298286
0.1673741170810833
0.1573310784191837
0.14728803975728416
0.13724500109538457
0.12720196243348497
0.11715892377158543
0.10711588510968584
0.0970728464477863
0.0870298077858867
0.07698676912398711
0.06694373046208757
0.056900691800187975
0.046857653138288435
0.03681461447638884
0.026771575814489246
0.016728537152589706
0.006685498490690112
-0.0033575401712094832
-0.013400578833109023
-0.023443617495008617
-0.03348665615690821
-0.04352969481880775
-0.053572733480707346
-0.06361577214260689
-0.07365881080450648
-0.08370184946640608
-0.09374488812830567
-0.10378792679020515
-0.11383096545210475
-0.12387400411400434
-0.13391704277590394
-0.14396008143780353
-0.15400312009970313
-0.1640461587616026
-0.1740891974235022
-0.1841322360854018
-0.1941752747473014
-0.204218313409201
-0.21426135207110047
-0.22430439073300007
-0.23434742939489966
-0.24439046805679926
-0.25443350671869885
-0.26447654538059834
-0.27451958404249793
-0.2845626227043975
-0.2946056613662971
-0.3046487000281967
-0.3146917386900962
-0.3247347773519958
-0.3347778160138954
-0.344820854675795
-0.3548638933376946
-0.3649069319995942
-0.37494997066149366
-0.38499300932339325
-0.39503604798529285
-0.40507908664719244
-0.41512212530909204
-0.4251651639709915
-0.4352082026328911
-0.4452512412947907
-0.4552942799566903
-0.4653373186185899
-0.4753803572804895
-0.485423395942389
-0.4954664346042886
-0.5055094732661882
-0.5155525119280877
-0.5255955505899874
-0.5356385892518869
-0.5456816279137864
-0.5557246665756861
-0.5657677052375856
-0.5758107438994853
-0.5858537825613848
-0.5958968212232845
-0.605939859885184
-0.6159828985470834
-0.6260259372089831
-0.6360689758708826
-0.6461120145327823
-0.6561550531946818
-0.6661980918565813
-0.676241130518481
-0.6862841691803805
-0.6963272078422802
-0.7063702465041797
-0.7164132851660794
-0.7264563238279789
-0.7364993624898784
-0.7465424011517781
-0.7565854398136775
-0.7666284784755772
-0.7766715171374766
