3.5
3.4836388710578796
3.4676447269047985
3.4520123298885594
3.436736549355199
3.4218123606407533
3.407234844011611
3.392999183557815
3.379100666043469
3.365534679718211
3.3522967130934926
3.339382353687231
3.3267872867401773
3.31450729390717
3.3025382519262387
3.290876131268349
3.279516994770387
3.268456996253816
3.2576923791312558
3.2472194750030825
3.2370347022459693
3.2271345645951506
3.217515649722029
3.2081746278086083
3.1991082501200916
3.190313347576859
3.1817868293268994
3.1735256813196573
3.1655269648821376
3.157787815297996
3.1503054403902357
3.143077119108031
3.1361002001181
3.129372100400955
3.1228903038522646
3.1166523598894904
3.110655882063869
3.104898546677733
3.099378091407101
3.094092313929392
3.089039070556046
3.084216274869787
3.0796218963661923
3.0752539590991774
3.071110540329957
3.0671897691789916
3.0634898252803784
3.0600089374381008
3.0567453822835136
3.053697482933395
3.050863607647864
3.048242168487424
3.0458316199683626
3.0436304577157105
3.0416372171129265
3.0398504719474624
3.038268833051327
3.0368909469357575
3.0357154944190827
3.034741189246851
3.0339667767032785
3.03339103221307
3.0330127599326477
3.0328307913298302
3.032843983750988
3.033051218974717
