3.5
3.4687902299608457
3.4382109198156305
3.408251744585341
3.378902448738236
3.3501528544749117
3.3219928695279357
3.294412494473681
3.267401829556897
3.240951081031213
3.2150505670211884
3.1896907229136686
3.164862106288126
3.140555401397333
3.116761423211151
3.093471121037446
3.070675581735153
3.0483660325353195
3.026533843486612
3.0051705295422186
2.9842677523054117
2.963817321451195
2.9438111958415187
2.924241484351479
2.905100446423751
2.8863804923682594
2.8680741834237584
2.8501742315976015
2.8326734992995406
2.815564998784891
2.7988418914218816
2.782497486797443
2.766525241675112
2.7509187588181336
2.7356717856902417
2.7207782130459894
2.706232073421889
2.692027539539026
2.6781589226272082
2.6646206706801308
2.651407366650461
2.638513726593196
2.6259345977650965
2.6136649566874866
2.601699907179197
2.5900346783659556
2.578664622672048
2.567585213799651
2.5567920447007966
2.546280825546533
2.536047381697469
2.52608765167952
2.51639768516833
2.5069736409855308
2.4978117851096857
2.488908488704478
2.480260226166443
2.4718635731942773
2.4637152048815385
2.4558118938343023
2.448150508315166
2.4407280104147677
2.433541454251823
2.4265879842025138
2.4198648331598918
2.4133693208238403
2.4070988520219667
2.401050915061706
2.395223080113773
2.3896129976270055
2.3842183967745343
2.37903708393112
2.3740669411814177
2.3693059248588333
2.3647520641145774
2.360403459516439
2.3562582816767406
2.352314769908874
2.3485712309117543
2.345026037481489
2.3416776272494815
2.3385245014461753
2.3355652236895628
2.3327984187975694
2.3302227716233608
2.327837025912595
2.3256399831815906
2.3236305016153564
2.32180749498438
2.320169931579044
2.318716833160504
2.317447273926817
2.316360379493087
2.315455325884354
2.3147313385399113
2.3141876913277097
2.313823705567471
2.313638749061087
2.313632235128855
2.313803621650057
2.3141524101063498
2.3146781446264053
2.3153804110301817
2.3162588358711833
2.317313085475018
2.3185428649725153
2.3199479173256328
2.3215280223443293
2.323282995692539
2.3252126878813413
2.3273169832473655
2.329595798914434
2.3320490837363943
2.334676817219048
2.337479008419036
2.340455694817497
2.343606941166265
2.346932838304341
2.3504335019423137
2.354109071412375
2.357959708381537
2.361985595525616
2.3661869351615152
2.370563947835316
2.375116870863655
2.379845956825839
2.38475147200415
2.389833694769767
2.395092913911734
2.400529426906416
2.406143538124885
2.4119355569757124
2.4179057959806762
2.4240545687809294
2.4303821880712406
2.436888963459992
2.4435751992526935
2.45044119215689
2.457487228906446
2.464713583803338
2.4721205161752335
2.479708267747331
2.487477059927114
2.495427091000919
2.503558533241451
2.5118715299256658
2.520366192262735
2.5290425962321468
2.537900779332346
2.546940737240723
2.556162420386164
2.565565730435843
2.5751505166984043
2.5849165724462217
2.5948636311599373
2.6049913626990895
2.6152993694032287
2.6257871821285663
2.6364542562258566
2.647299967465916
2.658323607919882
2.6695243818020558
2.680901401283921
2.692453682288698
2.7041801402765495
2.7160795860313574
2.7281507214607297
2.7403921354216907
2.7528022995852433
2.7653795643537205
2.7781221548455566
2.791028166962753
2.80409556355694
2.8173221707105025
2.83070567414972
2.84424361580731
2.857933390552102
2.8717722431038175
2.8857572651510908
