3.5
3.4851485630370047
3.470641278213485
3.4564734441246734
3.4426404582540484
3.4291378158101873
3.4159611085313304
3.403106023460832
3.3905683416964956
3.3783439371166177
3.366428775085403
3.3548189111402316
3.343510489663115
3.332499742538503
3.3217829877994607
3.3113566282640834
3.3012171501638674
3.291361121765626
3.2817851919883902
3.2724860890166227
3.2634606189109254
3.2547056642173255
3.246218182576089
3.2379952053309107
3.23003383613922
3.2223312495842418
3.214884689789353
3.207691469035178
3.2007489663797934
3.1940546262823015
3.1876059572299784
3.1814005303691046
3.1754359781395283
3.1697099929129275
3.1642203256346844
3.1589647844692115
3.1539412334485193
3.149147591123746
3.1445818292193324
3.14024197128946
3.1361260913763305
3.132232312669819
3.1285588061679888
3.125103789337917
