3.5
3.479076927950934
3.458592542700339
3.438539970211907
3.4189124583550936
3.3997033770138425
3.3809062180518032
3.3625145951423345
3.3445222434714323
3.3269230193215513
3.3097108995440854
3.2928799809280553
3.276424479472324
3.260338729568409
3.244617183100714
3.2292544084707275
3.2142450895514836
3.1995840245782934
3.1852661249814895
3.171286414166655
3.1576400262475257
3.1443222047364934
3.1313283011973696
3.1186537738648004
3.1062941862344755
3.094245205628014
3.0825026017361714
3.071062245143772
3.0599201058395367
3.0490722517137625
3.038514847046579
3.028244150989317
3.0182565160413124
3.0085483865242773
2.999116297056196
2.9899568710265143
2.9810668190742304
2.9724429375703347
2.9640821071058836
2.9559812909868577
2.9481375337368076
2.940547959608157
2.933209771102913
2.9261202475034045
2.9192767434135654
2.912676687311159
2.90631758011125
2.900196993741123
2.8943125697267544
2.8886620177908675
2.883243114462498
2.8780537016979375
2.8730916855128337
2.8683550346251607
2.863841779108704
2.8595500090566373
2.8554778732547135
2.8516235778635286
2.84798538510926
2.8445616119822366
2.8413506289426387
2.8383508586325843
2.835560774593808
2.8329788999900996
2.830603806333626
2.8284341122142203
2.826468482030686
2.8247056247231277
2.823144292505286
2.821783279595823
2.8206214209474734
2.8196575909729473
2.818890702266447
2.8183197043196304
2.8179435822308347
2.8177613554063496
2.81777207625251
2.817974828857363
2.818368727660649
2.818952916110813
2.8197265653077705
2.820688872630129
2.8218390603455603
2.8231763742030265
2.8247000820055543
2.826409472162256
2.8283038522183066
2.830382547361592
2.8326448989047615
2.8350902627414345
2.837718007775335
2.840527514321154
2.8435181724759784
2.8466893804601545
2.8500405429265077
