3.5
3.483751126659097
3.46797707994873
3.452668962570316
3.437818207645116
3.4234165678797126
3.409456105200568
3.3959291808392758
3.3828284458508326
3.370146832047923
3.3578775433349053
3.3460140474258484
3.334550067931615
3.323479576801636
3.3127967871066235
3.302496146149091
3.292572328889124
3.2830202316734094
3.2738349662560915
3.2650118541005457
3.2565464209516763
3.248434391668842
3.2406716853099877
3.2332544104580268
3.2261788607809567
3.2194415108176253
3.2130390119814685
3.2069681887749493
3.201226035207798
3.1958097114125277
3.1907165404510534
3.1859440053065846
3.181489746055284
3.177351557212506
3.17352738524874
3.170015326270656
3.16681362386296
3.163920667087018
3.1613349886324853
3.159055263118416
3.1570803055405947
3.155409069862049
3.154040647743941
3.152974267414255
3.1522092926719196
3.1517452220241906
3.1515816879553524
3.1517184563249603
3.1521554258940534
3.1528926279779497
3.153930226224402
3.155268516516077
3.156907926996486
3.158849018218647
3.16109248341593
3.1636391488946836
3.1664899745483854
3.1696460544932097
3.173108617825035
3.1768790294980604
3.1809587913253115
3.185349543101458
3.19005306384847
3.1950712731847575
3.200406232818545
3.206060148166332
3.2120353700973814
3.218334396805271
3.2249598758076092
3.2319146060750983
3.2392015402911776
3.2468237872435353
3.254784614348808
3.2630874503118212
3.2717358879207183
3.280733686979343
3.2900847773781923
3.299793262305237
3.3098634215978224
3.3202997152367995
3.331106786983894
3.342289468163207
3.3538527815875416
3.365801945630058
3.378142378441497
3.3908797023129207
3.404019748183585
3.417568560293146
3.4315324009769603
3.445917755602719
3.460731337646049
3.4759800939020558
3.4916712098290223
3.50781211501961
3.524410488793961
3.54147426590801
3.559011642369123
3.5770310813498174
3.59554131918883
3.6145513714671353
3.634070539144659
3.6541084147413874
3.674674888544309
3.695780154819119
3.717434718002858
3.7396493988506183
3.762435340506112
3.78580401446223
3.809767226373697
3.8343371216795483
3.8595261909883365
3.885347275173758
3.9118135701226886
3.9389386310714363
3.966736376459311
3.9952210912213726
4.024407429434387
4.054310416221607
4.084945448812965
