3.5
3.461300695131517
3.4237185561270747
3.387215618278361
3.3517555303226274
3.3173034838265743
3.283826145141026
3.2512915899501156
3.219669240414821
3.1889298048911523
3.1590452201873966
3.129988596312151
3.1017341636548466
3.0742572225327716
3.0475340950328267
3.0215420790721015
2.9962594045985953
2.9716651918517747
2.947739411601961
2.9244628472876277
2.9018170589704053
2.879784349028793
2.8583477295132083
2.8374908910869374
2.817198173479713
2.7974545373830013
2.778245537718548
2.7595572982142946
2.741376487224356
2.723690294732383
2.706486410480222
2.6897530031663655
2.673478700661209
2.657652571188618
2.6422641054256983
2.627303199475011
2.612760138665718
2.598625582142333
2.5848905482018263
2.5715464003418504
2.558584833984772
2.545997863844024
2.5337778119010577
2.5219172959628353
2.5104092187714104
2.499246757638641
2.4884233545805423
2.4779327069271395
2.467768758384993
2.4579256905307996
2.448397914715648
2.4391800643606127
2.4302669876254344
2.421653740433025
2.4133355798334963
2.405307957692289
2.397566514687856
2.390107074605141
2.3829256389118685
2.3760183816053844
2.3693816443184783
2.363011931673263
2.3569059068728184
2.3510603875208838
2.345472341660448
2.3401388840226156
2.335057272477631
2.330224904680421
2.3256393149034778
2.321298171050331
2.3171992718432803
2.3133405441794492
2.3097200406495997
2.3063359372145107
2.3031865310340622
2.3002702384445035
2.2975855930796976
2.2951312441324356
2.2929059547522153
2.2909086005761465
2.289138168389932
2.2875937549161236
2.286274565727108
2.2851799142805325
2.284309221075103
2.2836620129249345
2.283237922350848
2.283036687087238
2.2830581497033453
2.2833022573379855
2.2837690615469857
2.2844587182628007
2.2853714878659668
2.2865077353682666
2.287867930707667
2.2894526491552987
2.29126257183494
2.2932984863556642
2.2955612875585127
2.2980519783782483
2.300771670821449
2.3037215870624004
2.3069030606584477
2.3103175378866796
2.3139665792040125
2.317851860832973
2.3219751764756724
2.326338439158698
2.330943683211866
2.3357930663840034
2.3408888720991627
2.3462335118569118
2.351829527780573
2.3576795953175473
2.3637865260961
2.3701532709432502
2.376782923068668
2.383678721419759
2.3908440542133804
2.3982824626499353
2.4059976448158578
2.413993459780813
2.4222739318962274
2.43084325530207
2.4397057986491126
2.448866110044213
2.4583289222264733
2.468099157982444
2.4781819358088666
2.4885825758317464
2.499306605990877
2.510359768499228
2.5217480265869123
2.5334775715397324
2.545554830042575
2.557986471838178
2.5707794177120094
2.583940847814215
2.5974782103297303
2.6113992305077813
2.6257119200620678
2.640424586952911
2.655545845562594
2.6710846272749555
2.68705019147005
2.7034521369443127
2.7203004137661564
2.737605335576277
2.755377592341085
2.773628263566646
2.7923688319792177
2.8116111976769127
2.831367692755151
2.851651096406342
2.8724746504916068
2.8938520755792756
2.9157975874412823
2.9383259139943996
2.9614523126683987
2.9851925881776142
3.009563110665952
3.034580834187983
3.060263315480307
3.086628732967718
3.1136959059377323
3.1414843138045705
3.1700141153695633
3.199306167969024
3.22938204638265
3.2602640613553184
3.291975277562493
3.3245395308241203
3.357981444343642
3.3923264437173177
3.4276007704242217
3.463831493468769
3.5010465188052535
3.5392745961274077
3.5785453225552564
3.618889142696445
3.660337344499695
3.7029220502541538
3.7466762020203395
3.791633540706477
3.837828577928788
3.8852965597165916
3.934073421043904
3.984195730090097
4.035700621054955
4.088625714280488
4.143009022366078
4.19888884090855
4.256303622458694
4.315291832265837
4.37589178438786
4.438141456782267
4.50207828407181
4.567738926803687
