0.048869219055841226
0.03880313406759486
0.028737049079348494
0.018670964091102128
0.008604879102855761
-0.0014612058853906013
-0.01152729087363697
-0.02159337586188334
-0.0316594608501297
-0.041725545838376066
-0.05179163082662243
-0.061857715814868805
-0.07192380080311517
-0.08198988579136153
-0.0920559707796079
-0.10212205576785426
-0.11218814075610063
-0.12225422574434701
-0.13232031073259337
-0.14238639572083972
-0.15245248070908607
-0.16251856569733247
-0.17258465068557882
-0.18265073567382517
-0.19271682066207158
-0.20278290565031792
-0.21284899063856427
-0.22291507562681062
-0.23298116061505703
-0.24304724560330337
-0.2531133305915497
-0.2631794155797961
-0.2732455005680425
-0.2833115855562888
-0.29337767054453523
-0.3034437555327816
-0.3135098405210279
-0.32357592550927433
-0.3336420104975207
-0.34370809548576703
-0.3537741804740134
-0.3638402654622598
-0.37390635045050613
-0.3839724354387525
