0.11868238913561441
0.1085594794740473
0.0984365698124802
0.08831366015091308
0.07819075048934597
0.06806784082777886
0.05794493116621175
0.04782202150464464
0.03769911184307753
0.027576202181510426
0.01745329251994332
0.0073303828583762
-0.002792526803190906
-0.012915436464758012
-0.023038346126325132
-0.033161255787892224
-0.043284165449459344
-0.053407075111026464
-0.06352998477259356
-0.07365289443416068
-0.08377580409572777
-0.09389871375729489
-0.10402162341886201
-0.1141445330804291
-0.12426744274199622
-0.13439035240356334
-0.14451326206513043
-0.15463617172669752
-0.16475908138826467
-0.17488199104983176
-0.18500490071139886
-0.195127810372966
-0.2052507200345331
-0.2153736296961002
-0.22549653935766734
-0.23561944901923443
-0.24574235868080152
-0.25586526834236867
-0.26598817800393576
-0.27611108766550285
-0.28623399732706994
-0.2963569069886371
-0.3064798166502042
-0.3166027263117713
-0.3267256359733384
-0.3368485456349055
-0.3469714552964726
-0.35709436495803976
-0.36721727461960685
-0.37734018428117394
-0.3874630939427411
-0.3975860036043081
-0.4077089132658753
-0.4178318229274424
-0.42795473258900946
-0.4380776422505766
-0.44820055191214375
-0.4583234615737108
-0.46844637123527794
-0.4785692808968451
-0.4886921905584121
-0.49881510021997927
-0.5089380098815464
-0.5190609195431135
-0.5291838292046807
-0.5393067388662478
