0.8482300164692442
0.8382010179247895
0.8281720193803348
0.8181430208358801
0.8081140222914254
0.7980850237469705
0.7880560252025158
0.7780270266580611
0.7679980281136064
0.7579690295691517
0.747940031024697
0.7379110324802423
0.7278820339357875
0.7178530353913328
0.7078240368468781
0.6977950383024234
0.6877660397579686
0.677737041213514
0.6677080426690591
0.6576790441246044
0.6476500455801497
0.637621047035695
0.6275920484912403
0.6175630499467856
0.6075340514023309
0.597505052857876
0.5874760543134214
0.5774470557689666
0.567418057224512
0.5573890586800572
0.5473600601356025
0.5373310615911477
0.527302063046693
0.5172730645022383
0.5072440659577836
0.4972150674133288
0.4871860688688741
0.4771570703244194
0.4671280717799647
0.45709907323550997
0.4470700746910552
0.4370410761466005
0.42701207760214577
0.41698307905769105
0.40695408051323634
0.3969250819687816
0.38689608342432685
0.37686708487987214
0.3668380863354174
0.3568090877909627
0.34678008924650794
0.3367510907020532
0.3267220921575985
0.3166930936131438
0.3066640950686891
0.29663509652423437
0.28660609797977965
0.27657709943532494
0.2665481008908702
0.2565191023464154
0.24649010380196068
0.23646110525750597
0.22643210671305125
0.21640310816859654
0.20637410962414182
0.1963451110796871
0.1863161125352324
0.17628711399077768
0.16625811544632296
0.15622911690186825
0.14620011835741342
0.1361711198129587
0.126142121268504
0.11611312272404928
0.10608412417959456
0.09605512563513985
0.08602612709068513
0.07599712854623042
0.0659681300017757
0.05593913145732099
0.045910132912866164
0.03588113436841145
0.025852135823956734
0.01582313727950202
0.005794138735047305
-0.00423485980940741
-0.014263858353862124
-0.02429285689831684
-0.034321855442771554
-0.04435085398722627
-0.05437985253168098
-0.06440885107613581
-0.07443784962059052
-0.08446684816504524
-0.09449584670949995
-0.10452484525395467
-0.11455384379840938
-0.1245828423428641
-0.1346118408873188
-0.14464083943177353
-0.15466983797622835
-0.16469883652068296
-0.17472783506513778
-0.18475683360959239
-0.1947858321540472
-0.20481483069850182
-0.21484382924295664
-0.22487282778741147
-0.23490182633186607
-0.2449308248763209
-0.2549598234207755
-0.2649888219652303
-0.27501782050968493
-0.28504681905413976
-0.29507581759859436
-0.3051048161430492
-0.3151338146875038
-0.3251628132319586
-0.33519181177641344
-0.34522081032086804
-0.35524980886532287
-0.3652788074097775
-0.3753078059542323
-0.3853368044986869
-0.39536580304314173
-0.40539480158759633
-0.41542380013205116
-0.42545279867650576
-0.4354817972209606
-0.4455107957654154
-0.45553979430987
-0.46556879285432484
-0.47559779139877945
-0.48562678994323427
-0.4956557884876889
-0.5056847870321437
-0.5157137855765983
-0.5257427841210531
-0.5357717826655077
-0.5458007812099626
-0.5558297797544174
-0.565858778298872
-0.5758877768433268
-0.5859167753877814
-0.5959457739322362
-0.6059747724766908
-0.6160037710211457
-0.6260327695656003
-0.6360617681100551
-0.6460907666545097
-0.6561197651989645
-0.6661487637434194
-0.676177762287874
-0.6862067608323288
-0.6962357593767834
-0.7062647579212382
-0.7162937564656928
-0.7263227550101476
-0.7363517535546023
-0.7463807520990571
-0.7564097506435119
-0.7664387491879665
-0.7764677477324213
-0.7864967462768759
-0.7965257448213308
-0.8065547433657854
-0.8165837419102402
-0.8266127404546948
-0.8366417389991496
-0.8466707375436042
-0.856699736088059
-0.8667287346325139
-0.8767577331769685
-0.8867867317214233
-0.8968157302658779
-0.9068447288103327
-0.9168737273547873
-0.9269027258992422
-0.9369317244436968
-0.9469607229881516
-0.9569897215326062
-0.967018720077061
-0.9770477186215158
-0.9870767171659705
-0.9971057157104253
-1.0071347142548799
-1.0171637127993347
-1.0271927113437893
-1.0372217098882441
-1.0472507084326987
-1.0572797069771536
-1.0673087055216082
-1.077337704066063
-1.0873667026105178
-1.0973957011549724
-1.1074246996994273
-1.1174536982438819
-1.1274826967883367
