3.5
3.476748549626233
3.4539748404901687
3.431671176037282
3.4098299821335543
3.388443808227721
3.367505328303551
3.3470073416319273
3.3269427733325134
3.307304674754812
3.2880862236883384
3.2692807244115523
3.250881607589032
3.2328824300262142
3.215276874290804
3.1980587482097405
3.1812219842503406
3.16476063879398
3.1486688913103795
3.1329410434402667
3.1175715179938868
3.102554857872511
3.087885724919783
3.07355889870943
3.0595692752755377
3.0459118657912794
3.032581795201683
3.019574300815702
3.006884730862559
2.9945085430170395
2.982441302898123
2.970678682545056
2.959216458874703
2.9480505121237557
2.93717682427911
2.9265914774995005
2.916290652531226
2.9062706271205845
2.896527774425427
2.887058561428019
2.87785954735121
2.8689273820797294
2.8602588045882325
2.851850641377567
2.8436998049205573
2.835803292118456
2.828158182769063
2.8207616380473763
2.8136108989995074
2.8067032850504714
2.800036192526339
2.7936070931911328
2.7874135327987446
2.7814531296600453
2.775723573225269
2.7702226226816666
2.7649481055663316
2.759897916394031
2.755070015299787
2.7504624266959006
2.7460732379430133
2.7419005980347735
2.7379427162955796
2.734197861090835
2.7306643585490877
2.727340591295371
2.7242249971950208
2.7213160681071824
2.718612348647191
2.7161124349569494
2.713814973482399
2.711718659757123
2.7098222371911
2.708124495863574
2.7066242713189768
2.7053204433648066
2.7042119348703277
2.7032977105649256
2.7025767758349235
2.7020481755176364
2.7017109926914062
2.7015643474603404
2.7016073957324434
2.7018393279898167
2.7022593680495675
2.702866771814056
2.703660826009084
2.704640846908613
2.705806179044584
2.707156193900395
2.708690288586584
2.7104078844972475
2.7123084259457357
2.714391378778138
2.71665622896309
2.7191024811564266
2.7217296572392207
2.724537294827741
2.727524945753898
2.7306921745147497
2.734038556689668
2.7375636773238052
2.741267129276513
2.745148511533439
2.7492074274810427
2.75344348314235
2.757856285372819
2.7624454400152603
2.7672105500128357
2.772151213479249
2.777267021725334
2.78255755724136
2.7880223916344797
2.7936610835208935
2.799473176372414
2.8054581963172955
2.8116156498953324
2.8179450217674153
2.824445772379922
