0.6841690667817772
0.6741285209725515
0.6640879751633256
0.6540474293540999
0.644006883544874
0.6339663377356483
0.6239257919264224
0.6138852461171966
0.6038447003079708
0.593804154498745
0.5837636086895192
0.5737230628802934
0.5636825170710675
0.5536419712618418
0.543601425452616
0.5335608796433902
0.5235203338341643
0.5134797880249385
0.5034392422157128
0.4933986964064869
0.4833581505972611
0.4733176047880353
0.46327705897880955
0.4532365131695837
0.44319596736035793
0.4331554215511321
0.4231148757419063
0.4130743299326805
0.4030337841234547
0.3929932383142289
0.3829526925050031
0.37291214669577727
0.36287160088655146
0.35283105507732565
0.34279050926809984
0.33274996345887403
0.3227094176496482
0.3126688718404224
0.3026283260311966
0.2925877802219708
0.282547234412745
0.27250668860351923
0.2624661427942934
0.2524255969850676
0.2423850511758418
0.232344505366616
0.22230395955739018
0.21226341374816438
0.20222286793893857
0.19218232212971276
0.182141776320487
0.17210123051126114
0.16206068470203538
0.15202013889280952
0.14197959308358377
0.1319390472743579
0.12189850146513215
0.11185795565590628
0.10181740984668053
0.09177686403745466
0.08173631822822891
0.07169577241900305
0.06165522660977729
0.05161468080055143
0.04157413499132567
0.03153358918209992
0.021493043372874054
0.0114524975636483
0.0014119517544224358
-0.008628594054803318
-0.018669139864029183
-0.028709685673254937
-0.0387502314824808
-0.048790777291706555
-0.05883132310093242
-0.06887186891015817
-0.07891241471938404
-0.08895296052860979
-0.09899350633783566
-0.10903405214706141
-0.11907459795628728
-0.12911514376551303
-0.13915568957473878
-0.14919623538396465
-0.1592367811931904
-0.16927732700241627
-0.17931787281164202
-0.18935841862086789
-0.19939896443009364
-0.2094395102393195
-0.21948005604854526
-0.22952060185777112
-0.23956114766699688
-0.24960169347622274
-0.2596422392854485
-0.26968278509467436
-0.2797233309039001
-0.28976387671312587
-0.29980442252235173
-0.3098449683315775
-0.31988551414080324
-0.3299260599500291
-0.33996660575925497
-0.35000715156848083
-0.3600476973777065
-0.37008824318693234
-0.3801287889961582
-0.39016933480538407
-0.4002098806146097
-0.4102504264238356
-0.42029097223306144
-0.4303315180422873
-0.44037206385151295
-0.4504126096607388
-0.4604531554699647
-0.4704937012791903
-0.4805342470884162
-0.49057479289764205
-0.5006153387068679
-0.5106558845160936
-0.5206964303253194
-0.5307369761345453
-0.5407775219437712
-0.5508180677529968
-0.5608586135622227
-0.5708991593714485
-0.5809397051806744
-0.5909802509899
-0.6010207967991259
-0.6110613426083518
-0.6211018884175774
-0.6311424342268033
-0.6411829800360291
-0.651223525845255
-0.6612640716544806
-0.6713046174637065
-0.6813451632729324
-0.6913857090821582
-0.7014262548913839
-0.7114668007006097
-0.7215073465098356
-0.7315478923190615
-0.7415884381282871
-0.751628983937513
-0.7616695297467388
-0.7717100755559645
-0.7817506213651904
-0.7917911671744162
-0.8018317129836421
-0.8118722587928677
-0.8219128046020936
-0.8319533504113195
-0.8419938962205453
-0.852034442029771
-0.8620749878389968
-0.8721155336482227
-0.8821560794574486
-0.8921966252666742
-0.9022371710759001
-0.9122777168851259
-0.9223182626943518
-0.9323588085035774
-0.9423993543128033
-0.9524399001220292
-0.9624804459312548
-0.9725209917404807
-0.9825615375497065
-0.9926020833589324
-1.002642629168158
-1.012683174977384
-1.0227237207866098
-1.0327642665958356
-1.0428048124050613
-1.0528453582142872
-1.062885904023513
-1.0729264498327389
-1.0829669956419645
-1.0930075414511904
-1.1030480872604163
