0.0
0.030049880322274018
0.06013810222953542
0.09025932257149868
0.1204081843032921
0.15057931883896392
0.18076734840788938
0.21096688841325953
0.24117254979182934
0.27137894137409957
0.30158067224410295
0.33177235409796385
0.36194860360039804
0.3921040447383181
0.4222333111707081
0.4523310485739308
0.48239191698163186
0.5124105931184018
0.5423817727263621
0.5723001728838387
0.6021605343152886
0.6319576236916482
0.6616862359202722
0.6913411964236365
0.7209173634059777
0.7504096301070488
0.7798129270421729
0.8091222242277771
0.8383325333915992
0.867438910166756
0.8964364562688762
0.9253203216554955
0.9540857066669228
0.9827278641477929
1.0112421015485182
1.039623783005867
1.067868331401896
1.0959712304004718
1.1239280264606206
1.1517343308259553
1.1793858214894288
1.2068782451326738
1.2342074190391923
1.2613692329806632
