0.0
0.020546453132366915
0.04149369869748462
0.06284352282780496
0.08459751589915482
0.10675707317366137
0.12932339547563504
0.15229748990091613
0.1756801705603216
0.19947205935794307
0.2236735868051199
0.24828499287096645
0.2733063278703663
0.29873745339036184
0.3245780432558693
0.3508275845356388
0.3774853785893586
0.4045505421567713
0.4320220084896418
0.45989852852735835
0.4881786721169271
0.5168608292780458
0.5459432115139081
0.575423853168329
0.6053006128297256
0.635571174782436
0.6662330505057951
0.6972835802213432
0.7287199344884606
0.7605391158487037
0.7927379605190171
0.8253131401339858
0.8582611635372006
0.8915783786217814
0.9252609742200382
0.9593049820422045
0.9937062786641236
1.0284605875637263
1.0635634812060817
1.0990103831767664
1.134796570363245
1.1709171751839147
1.2073671878644257
1.2441414587608413
1.2812347007291693
1.318641491540753
1.3563562763429715
1.3943733701646663
1.4326869604656725
1.4712911097297974
1.5101797581005616
1.5493467260589768
1.5887857171426136
1.628490320705172
1.6684540147157452
1.7086701685969372
1.7491320461009652
1.7898328082228545
1.8307655161498064
1.8719231342457965
1.9132985330704333
1.9548844924310935
1.9966737044673144
2.038658776766417
2.0808322355093036
2.1231865286453604
2.165714029095371
2.2084070379813365
2.2512577878820754
2.294258446113459
2.3374011180321337
2.380677850361548
2.4240806345391137
2.467601410083288
2.5112320679793783
2.5549644540828442
2.598790372538864
2.6427015892169217
2.6866898351591706
2.730746810041304
2.774864185644671
2.819033609338361
2.863246707569976
2.9074950893638056
2.951770349825105
2.9960640736491917
3.0403678386340487
3.084673219195144
3.1289717898811493
3.173255128889261
3.217514821578811
3.261742463981861
3.3059296663094715
3.3500680564523515
3.3941492834745626
3.4381650210989987
3.4821069711833297
3.5259668671851205
3.569736477614833
3.613407609475428
3.6569721116872898
3.700421878497195
3.743748852870071
3.786945029862272
3.8300024599751414
3.8729132524876007
3.9156695787665563
3.9582636755538805
4.000687848228776
4.042934474044325
4.084996005337014
4.126864972708098
4.168533988175613
4.209995748295909
4.251243037253556
4.292268729918535
4.333065794869571
4.3736272973825665
4.413946402383031
4.454016377361483
4.493830595250775
4.533382537264329
4.572665795694291
4.611674076668618
4.650401202866157
4.688841116188749
4.726987880389476
4.764835683656118
4.802378841148982
4.839611797492208
4.876529129217759
4.9131255471612585
4.9493958988088895
4.985335170594608
5.0209384901468965
5.056201128484371
5.091118502159513
5.125686175349867
5.159899861896043
5.193755427285897
5.227248890584267
5.2603764263076895
5.293134366243515
5.325519201212872
5.357527582776966
5.389156324886167
5.420402405471418
5.451262967977467
5.481735322837446
5.511816948888355
5.54150549472698
5.57079878000581
5.599694796668503
5.628191710124466
5.65628786036208
5.683981763000132
5.711272110276952
5.738157771976791
5.764637796292874
5.79071141062661
5.81637802232232
5.8416372193368495
5.866488770843329
5.890932627768292
5.9149689232612666
5.938597973095842
5.961820276001108
5.984636513922208
6.007047552208616
6.029054439728514
6.050658408907518
6.071860875689673
6.09266343941846
6.113067882635205
6.133076170791953
6.152690451875524
6.171913055939016
6.19074649453657
6.209193460056702
6.227256824948927
6.2449396408377575
6.262245137517515
6.279176721820563
6.295737976350822
6.311932658073473
6.327764696750809
6.343238193213176
6.358357417452782
6.373126806527043
6.387550962256823
6.401634648703699
6.415382789409019
6.428800464376157
6.441892906776041
6.4546654993546975
6.4671237705202635
6.479273390085791
6.491120164643139
