0.0
0.028822672610570577
0.05782377734107802
0.08699879530567993
0.11634313073033072
0.14585211310435953
0.17552099935555665
0.20534497604817153
0.23531916160320274
0.2654386085403492
0.29569830574096784
0.3260931807313711
0.3566181019857781
0.3872678812482207
0.4180372758726886
0.4489209911807845
0.47991368283614516
0.511009959234873
0.5422043839112086
0.5734914779576626
0.6048657224588155
0.63632156093798
0.6678534018159139
0.6994556208807587
0.7311225637683716
0.7628485484522082
0.7946278677419083
0.8264547917897256
0.8583235706039384
0.8902284365683689
0.9221636069671371
0.9541232865137642
0.9861016698837413
1.0180929442496693
1.0500912918180783
1.082090892367023
1.1140859257835583
1.1460705746001878
1.1780390265293799
1.2099854769952463
1.2419041316614725
1.2737892089545957
1.3056349425817178
1.3374355840417484
1.3691854051292724
1.4008787004301317
1.432509789807824
1.4640730208798134
1.4955627714828552
1.5269734521264409
1.5582995084334696
1.5895354235672594
1.6206757206440148
1.651714965129869
1.682647767221633
1.7134687842103733
1.7441727228269635
1.7747543415687497
1.805208453006476
1.8355299260706317
1.8657136883163736
1.8957547281662042
1.9256480971295689
1.9553889119985692
1.9849723570189708
2.0143936860357154
2.043648224612137
2.072731372122095
2.101638603814257
2.1303654728477457
2.1589076122983992
2.187260737134884
2.2154206461639157
2.2433832239438445
2.2711444426658742
2.298700364002186
2.3260471409202474
2.3531810194625926
2.380098340491358
2.4067955413968773
2.4332691577696237
2.4595158250348113
2.4855322800489463
2.5113153626576437
2.5368620172140037
2.5621692940568597
2.58723435094818
2.6120544544689364
2.6366269813727143
2.6609494198963435
2.6850193710268218
2.7088345497237816
2.7323927860967414
2.7556920265363525
2.778730334798849
