0.0
0.030063746125027085
0.06020343256510406
0.0904137426486333
0.120689329042983
0.15102481613759264
0.18141480243576236
0.21185386295431707
0.2423365516303286
0.27285740373407197
0.30341093828738563
0.33399166048660034
0.3645940641291949
0.3952126340433339
0.4258418485194364
0.45647618174292137
0.48711010622727413
0.5177380952465711
0.548354625266603
0.5789541783737299
0.609531244700603
0.6400803248478871
0.6705959323011131
0.7010725958417976
0.731504861951958
0.7618872972111583
0.7922144906852208
0.8224810563057373
0.8526816352395208
0.8828108982471342
0.9128635480296439
0.9428343215627385
0.9727179924173666
1.0025093730660442
1.0322033171739895
1.0617947218742463
1.0912785300259626
1.1206497324549947
1.1499033701760117
1.1790345365952857
1.2080383796933494
1.236910104186719
1.265644973667876
1.2942383127227186
1.3226855090246876
1.350982015404789
1.3791233518967332
1.407105107756424
1.4349229434550301
1.4625725926448845
1.490049864097458
1.5173506436126623
1.544470895898745
1.5714066664220363
1.5981540832258245
1.6247093587176333
1.6510687914241784
1.677228767713292
1.7031857634820988
1.7289363458107316
1.7544771745808805
1.779805004058467
1.8049166844397306
1.8298091633600242
1.8544794873645996
1.8789248033406718
