3.5
3.49637714812055
3.4930928762963958
3.490145518374945
3.487533560956639
3.4852556416428753
3.483310547431631
3.4816972132576973
3.4804147206746383
3.4794622966757935
3.478839312651827
3.4785452834825143
3.47857986676064
3.4789428621460403
3.4796342108479994
3.4806539952343587
3.4820024385658552
3.48367990485434
3.4856868988436798
3.488024066112266
3.4906921932961796
3.493692208432186
3.4970251814198403
3.5006923246020865
3.504694993463831
3.5090346874480636
3.5137130508891756
3.5187318740631977
3.524093094354741
3.5297987975404896
3.5358512191891163
3.5422527461775446
3.5490059183234908
3.5561134301342268
3.563578132671503
3.571403035532546
3.5795913089470126
3.588146285989717
3.597071464908885
3.606370511569589
3.616047262011898
3.6261057251231312
3.6365500854234445
3.6473847059637636
