3.5
3.4713351413384097
3.4434396945712566
3.4162920804291366
3.3898715565817032
3.36415818333515
3.339132790773633
3.3147769473002975
3.291072929532216
3.268003693502754
3.2455528471245163
3.2237046238660447
3.2024438575957865
3.181755958547426
3.161626890361483
3.1420431481590367
3.122991737604548
3.1044601549159268
3.0864363677812903
3.0689087971431754
3.051866299812328
3.035298151874587
3.0191940328557703
3.0035440106108418
2.9883385269050415
2.973568383655993
2.9592247298071386
2.9452990488041633
2.9317831466473177
2.9186691404937934
2.9059494477854906
2.893616775878671
2.8816641121530986
2.8700847145793467
2.8588721027239727
2.8480200491732584
2.8375225713571592
2.8273739237560145
2.8175685904734493
2.8081012781597234
2.7989669092705904
2.7901606156474874
2.781677732405604
2.773513792117083
2.7656645192772644
2.75812582504252
2.7508938022288345
2.743964720560875
2.7373350221618256
2.731001317274813
2.7249603802072437
2.719209145489851
2.713744704242721
2.7085643007410027
2.7036653291734236
2.699045330587145
2.6947019900128706
2.6906331337644898
2.686836726907902
2.6833108708939943
2.6800538013510837
2.6770638860324403
2.674339622914815
2.6718796384441834
2.6696826859251988
2.6677476440511176
2.666073515571221
2.66465942609301
2.663504623016698
2.6626084745997587
2.6619704691495225
2.6615902143420347
2.661467436665614
2.6616019809877556
2.66199381024424
2.6626430052495094
2.6635497646275725
2.6647144048629023
2.6661373604709793
2.6678191842883248
2.669760547882063
2.6719622420792315
2.6744251776162473
2.677150385909119
2.6801390199451776
2.6833923552972783
2.686911791261607
2.6906988521204083
2.6947551885311154
2.6990825790435675
2.7036829317471476
2.708558286049875
2.71371081459165
2.719142825294034
2.7248567635491154
2.730855214550194
2.7371409057671925
2.7437167095698682
2.7505856460020803
2.7577508857105313
2.765215753031572
2.772983729239824
2.7810584559625284
2.789443738763698
2.7981435509022847
2.8071620372687267
2.816503518504372
2.8261724953083998
2.8361736529369717
2.846511865899445
2.857192202856563
2.868219931725602
2.8796005249974903
2.89133966527094
2.90344325100861
2.9159174025202774
2.9287684681779056
2.942003030867374
2.9556279146814437
2.9696501918583067
2.9840771899697605
2.9989164993626707
3.0141759808569315
3.0298637737025764
3.045988303798033
3.0625582921707384
3.0795827637204143
3.0970710562242405
3.1150328296019283
3.1334780754372726
3.1524171267511223
3.1718606680188395
3.1918197454231767
3.2123057773310646
3.2333305649800486
3.2549063033569796
3.2770455922480397
3.299761447435196
3.323067312009715
3.346977067768334
3.371505046652077
3.3966660421813994
3.4224753208343506
3.448948633306611
3.4761022255835976
3.5039528497451884
3.532517774412964
3.5618147947380825
3.5918622418149373
3.622678991391463
3.6542844717313216
3.686698670466068
3.7199421402567356
3.7540360030639848
3.7890019528039516
3.824862256143228
3.8616397511608658
3.8993578435780307
3.938040500226888
3.977712239399601
4.018398117686068
4.060123712875424
4.102915102461649
4.146798837258241
4.191801909591289
4.237951715505036
4.28527601037992
4.3338028573310385
4.383560567726162
4.434577633138053
4.4868826480276525
4.540504222444331
4.595470884029026
4.651810968617995
4.709552498771672
4.768723049597539
4.829349601300996
4.891458377987083
4.955074672351655
