3.5
3.494065266626719
3.488483584950997
3.4832521914613426
3.4783684927145444
3.4738300624494953
3.4696346388795702
3.4657801221587348
3.4622645720168235
3.459086205559705
3.456243395230296
3.4537346669266453
3.451558698273539
3.4497143170443074
3.44820049972975
3.447016370251288
3.4461611988156804
3.445634400908823
3.4454355364263565
3.4455643089389763
3.446020565090537
3.4468042941271944
3.4479156275560072
3.44935483893157
3.4511223437694047
3.453218699584983
3.455644606057386
3.458400905316742
3.4614885823547104
3.464908765557389
3.4686627273601474
3.472751885023972
3.477177801533024
3.481942186613187
3.4870468978714606
3.492493942056131
3.4982854764377067
3.5044238103106555
3.5109114066160214
3.5177508836850233
3.524945017103753
3.532496741699089
3.54040915364593
3.5486855126958115
3.557329244526928
3.5663439432155113
3.575733373828418
3.5855014751366716
3.5956523624495573
3.606190330568708
3.617119856861407
3.6284456044521067
3.640172425530899
3.652305364777342
3.664849662897709
3.6778107602733208
3.6911943007171484
3.705006135335378
3.719252326490041
3.733939151858159
3.7490731085821443
3.7646609175053736
3.7807095274859654
3.7972261197808006
3.814218112490714
3.83169316505658
