0.0
0.0891294166565161
0.17894050907936518
0.2694201096598362
0.36055475427375183
0.4523306885304916
0.5447338741193136
0.6377499952509706
0.7313644651925955
0.8255624328937619
0.920328789701613
1.0156481761628924
1.1115049889106645
1.2078833876334962
1.3047673021247912
1.4021404394099621
1.4999862909490596
1.5982881399124507
1.6970290685270872
1.7961919654908773
1.8957595334526247
1.9957142965549712
2.0960386080377287
2.196714657898965
2.2977244806111687
2.3990499628897752
2.50067285151132
2.6025747611784458
2.704737182428954
2.8071414895860762
2.909768948747113
3.0126007258075362
3.1156178945176767
3.218801444569036
3.3221322897072936
3.4255912758690283
3.5291591893391523
3.63281676492607
3.7365446941515197
3.8403236334520647
3.9441342123891845
4.047957041864894
4.151772722339823
4.2555618520506675
4.3593050352239215
4.462982890282791
4.566576058044189
4.670065209902701
4.773431055998408
4.876654353365469
4.9797159140583265
5.082596613252456
5.185277397316529
5.28773929185289
5.389963409703245
5.491930958916488
5.593623250675543
5.695021707180166
5.79610786948264
5.896863405273276
5.997270116612695
6.09730994760784
6.1969649920286916
6.296217500862675
6.395049889803755
6.493444746673233
6.591384838769277
6.688853120142226
6.7858327387927275
6.882307043789775
6.97825959230575
7.073674156565564
7.168534730707022
7.262825537549565
7.3565310352685
7.449635923971938
7.542125152177594
7.633983923186641
7.72519770135185
7.815752218237213
7.905633478666297
7.994827766656562
8.083321651236897
8.171101992145617
8.258155945406187
8.344470968777928
8.43003482707895
8.514835597378582
8.598861674056518
8.682101773725922
8.764544940017696
8.8461805482231
8.926998309791884
9.006988276683092
9.086140845565575
9.164446761865312
9.241897123656505
9.318483385393387
9.394197361479618
9.469031229672028
9.542977534315447
9.616029189405165
9.68817948147356
9.75942207229721
9.829751001420735
9.899160688493431
9.967645935414582
10.035201928283186
10.101824239147575
10.167508827550208
10.232252041862708
10.296050620405856
10.35890169234907
10.420802778383482
10.481751791162463
10.541747035503017
10.600787208341112
10.658871398433558
10.71599908579857
