0.0
0.06442537059858751
0.12977532570610145
0.19604644328518178
0.2632348865065943
0.3313364065442749
0.40034634551010595
0.47025963952646455
0.5410708219348089
0.6127740266386742
0.6853629915796186
0.7588310623447072
0.8331711959042452
0.9083759644784757
0.9844375595320466
1.0613477958950277
1.1390981160092999
1.21767959429913
1.2970829416647323
1.3772985100975927
1.4583162974163226
1.5401259521217714
1.622716778370081
1.7060777410623431
1.790197471049452
1.8750642704507388
1.96066611808487
2.046990675011493
2.134025290182028
2.221757006197964
2.3101725651749607
2.3992584147110025
2.4890007139568
2.579385339786571
2.670397893067297
2.7620237050244656
2.8542478437022987
2.947055120516371
3.040430096896501
3.134357091017734
3.2288201846171853
3.323803229894471
3.4192898564933967
3.5152634785625323
3.61170730189226
3.70860433112583
3.80593737704192
3.9036890639061568
4.001841836889011
4.100377969547442
4.199279571367634
4.298528595366126
4.398106845746599
4.49799598560957
4.598177544712183
4.698632927275282
4.799343419834911
4.900290199135358
5.001454340060841
5.102816823602908
5.204358544860596
5.306060321070379
5.407902899662913
5.509866966343574
5.611933153193745
5.714082046789848
5.816294196337019
5.918550121814399
6.020830322128956
6.123115283274727
6.2253854864944325
6.32762141644032
6.429803569331169
6.531912461102313
6.633928635545618
6.735832672436254
6.837605195643197
6.939226881220321
7.040678465475012
7.141940753011158
7.242994624743484
7.343821045880085
7.444401073870137
7.544715866313679
7.644746688830433
7.744474922884625
7.843882073562747
7.942949777301292
8.041659809561423
8.13999409244762
8.23793470226733
8.335463877028682
8.432564023873326
8.529217726441527
8.62540775216658
8.721117059495743
8.816328805034784
8.911026350613401
9.005193270268661
9.09881335714373
9.191870630299134
9.284349341433858
9.376233981513563
9.467509287303281
9.558160247801945
9.64817211057614
9.737530387990473
9.826220863332034
9.914229596826383
10.001542931542566
10.08814749918465
10.174030225767337
10.259178337173188
10.343579364589045
10.427221149819225
10.510091850473103
10.592179945024707
10.673474237741939
10.753963863483067
10.833638292358142
10.912487334252962
10.990501143213223
11.067670221686509
11.143985424619713
11.219437963409488
11.294019409703324
11.36772169904874
11.440537134388148
11.512458389396778
11.583478511661093
11.653590925694981
11.722789435790988
11.791068228703692
11.858421876162302
11.924845337209343
11.990333960362214
12.05488348559424
12.118490046131614
12.181150170062482
12.242860781754187
12.303619203074373
12.363423154411475
12.42227075548974
12.480160525973602
12.537091385855836
12.593062655623568
12.64807405619566
12.702125708624573
12.755218133555193
12.807352250432594
12.858529376449937
12.908751225227096
12.958019905209776
13.006337917778074
13.053708155052508
13.10013389738458
13.145618810517917
13.190166942404865
13.233782719662287
13.276470943648974
13.318236786145835
13.359085784618557
13.399023837041
13.438057196256045
13.476192463849092
13.513436583507772
13.549796833839832
13.585280820619584
13.619896468431726
13.653652011679858
13.68655598492565
13.718617212523393
13.749844797513676
13.780248109739208
13.809836773145454
13.838620652228835
13.866609837595865
13.893814630597891
13.920245527008072
