0.0
0.10504901712292007
0.21016959979889724
0.315342378266737
0.42054795267073464
0.525766901402851
0.6309797894467208
0.7361671767203648
0.8413096264144645
0.946387713323055
1.0513820321634777
1.156273205882433
1.2610418939449684
1.3656688006032307
1.470134683141813
1.5744203600965174
1.6785067194433718
1.782374726754712
1.8860054333191747
1.9893799842224211
2.092479626385436
2.1952857165572364
2.2977797292588407
2.3999432646753505
2.501758056493002
2.6032059796780564
2.7042690581944115
2.8049294726568057
2.9051695679165253
3.004971860576505
3.1043190464327495
3.203194007838992
3.3015798209915257
3.399459763131165
3.4968173196592782
3.593636191164866
3.689900300359669
3.7855937989182777
3.8807010742202497
3.975206755991236
4.069095722840119
4.162353108689195
4.254964309094402
4.346914987452633
