0.0
0.10448292031318207
0.20917301323271753
0.3140510032655322
0.4190975256532081
0.5242931348413513
0.6296183129731703
0.7350534784041095
0.8405789942343627
0.9461751768560703
1.0518223045119917
1.1575006258624252
1.2631903685571395
1.3688717478090635
1.474524974966471
1.580130266080389
1.6856678504639522
1.7911179792404095
1.8964609338764975
2.0016770346978783
2.10674664938334
2.2116502014344657
2.3163681786174526
2.420881141373797
2.5251697311965295
2.629214678968705
2.7329968132608586
2.8364970685841304
2.939696493595777
3.0425762592537895
3.1451176669173564
3.2473021563898956
3.349111313901411
3.4505268800269295
3.5515307575377832
3.6521050191825104
3.7522319153941743
3.851893881920888
3.9510735473763616
4.049753740707302
4.147917498574486
4.245548072644376
4.342628936788107
4.439143794184751
4.535076584325713
4.63041148991716
4.725132943677387
4.819225635026028
4.912674516662022
5.005464811027273
5.097582016652913
5.189011914385107
5.279740573487343
5.3697543576161095
5.459039930666909
5.547584262487519
5.635374634455399
5.722398644916152
5.80864421447991
5.894099591172498
5.9787533554382
6.062594424990944
6.145612059510632
6.227795865181371
6.309135799068238
6.389622173329203
