0.0
0.09588741310366601
0.19232886665836027
0.2893084806638965
0.38681013351134835
0.48481746927233915
0.5833139050680649
0.6822826385155608
0.7817066552486647
0.881568736511114
0.9818514668191508
1.082537241690986
1.1836082754404276
1.2850466090319472
1.3868341179944164
1.4889525203907177
1.5913833848403902
1.6941081385924504
1.7971080756454856
1.9003643649120956
2.003858058424723
2.1075700995798896
2.2114813314178283
2.3155725049344755
2.4198242874227645
2.5242172708401376
2.628731980199181
2.733348881978254
2.8380483925489792
2.9428108866174374
3.0476167056758943
3.152446166461881
3.257279569421426
3.3620972071732362
3.466879372970608
3.571606369157846
3.6762585156179552
3.780816158208377
3.8852596771815175
3.98956949558684
4.093726087651255
4.197709987134591
4.301501795656872
4.405082190994187
4.5084319353398925
4.611531883527926
4.714362991214994
4.816906323018423
4.919143060606446
5.021054510737731
5.122622113246943
5.223827448973168
5.324652247628008
5.425078395600196
5.52508794369358
5.624663114795327
5.723786311471228
5.82244012348501
5.920607335238527
6.018270933129786
6.1154141128257
6.212020286446561
6.30807308965915
6.403556388675507
6.498454287154308
6.592751133001889
6.6864315250699144
6.779480319746716
6.871882637439375
6.963623868943554
7.054689681698166
7.145066025921944
7.234739140628967
7.323695559520242
7.411922116748386
7.499405952552503
7.586134518760321
7.6720955841546346
7.75727723970111
7.841667903634487
7.9252563264001745
8.00803159544824
8.089983139876733
8.171100734921259
8.251374506287702
8.330794934324883
8.40935285803394
8.487039478911127
8.563846364620666
8.639765452494158
8.714789052853043
8.788909852150407
8.862120915928399
8.934415691587281
9.005788010962128
