0.0
0.047556646363626935
0.09604789767617125
0.1454769920737216
0.19584673671502276
0.24715950805034057
0.2994172522700437
0.35262148592505
0.40677329671244855
0.4618733444206457
0.5179218620292456
0.5749186569596267
0.6328631124728131
0.6917541892117782
0.7515904268857774
0.812369946094686
0.8740904502916443
0.9367492278825618
1.0003431544612775
1.0648686951792978
1.1303219072492348
1.196698442581113
1.2639935505508364
1.3322020809001403
1.4013184867673958
1.471336827848657
1.5422507736883306
1.6140536070988754
1.6867382277088503
1.760297155638702
1.834722535303533
1.910006139342157
1.9861393726716132
2.063113276666318
2.140918533460944
2.2195454703760777
2.2989840644656256
2.3792239471849026
2.460254409178246
2.542064405184951
2.6246425590622535
2.707977168924017
2.7920562123937263
2.8768673519703034
2.962397940505225
3.048635026789331
3.1355653612476706
3.2231754017406473
3.3114513194696933
3.4003790049856084
3.48994407429767
3.580131875081536
3.670927492983933
3.7623157580220417
3.8542812510754483
3.946808310468482
4.039881038640698
4.133483308903221
4.227598772278614
4.322210864421889
4.417302812620232
4.512857642868978
4.608858187021303
4.705287090009096
4.802126817132407
4.8993596614148345
4.996967751022186
5.094933056741714
5.193237399519166
5.291862458050903
5.390789776428271
5.490000771831391
5.589476742269525
5.689198874365121
5.7891482511786245
5.889305860071145
5.989652600602005
6.0901692924582
6.190836683412797
6.291635457309234
6.392546242068525
6.493549617716305
6.594626124426698
6.69575627057991
6.7969205408305
6.898099404183246
6.999273322073514
7.100422756449043
7.201528177850051
7.302570073484562
7.403528955295864
7.504385368018992
7.605119897223135
7.705713177336902
7.806145899653318
7.9063988203115105
8.006452768251977
8.106288653142393
8.205887473270892
8.30523032340378
8.404298402604645
8.50307302201186
8.601535612571459
8.69966773272241
8.797451076031331
8.894867478773657
8.991898927458395
9.088527566293493
9.18473570458898
9.280505824095027
9.37582058627201
9.470662839489904
9.565015626154068
9.658862189754794
9.7521859818378
9.844970668893033
9.937200139159064
10.028858509340468
10.119930131235567
10.210399598271962
10.300251751947348
10.389471688173018
10.478044763517694
10.565956601349141
10.653193097871243
10.739740428054095
10.82558505145484
10.910713717926887
10.995113473215303
11.078771664436076
11.161675945437102
11.243814282038711
11.325174957151555
11.405746575769816
11.485518069837584
11.564478702986408
11.642618075141955
11.719926126997784
11.79639314435424
11.87200976232053
11.94676696937796
12.020656111302463
12.093668894944427
12.16579739186388
12.237034041819129
12.30737165610683
12.376803420751573
12.445322899542926
12.512924036917932
12.579601160686941
12.645348984600671
12.710162610756239
12.774037531839891
12.836969633204047
12.89895519477611
12.95999089279645
13.020073801382699
13.079201393917456
13.137371544256146
13.194582527751697
13.250833022092305
13.30612210794836
13.360449269424215
13.413814394310137
13.466217774129333
13.51766010397451
13.56814248212786
13.617666409457815
13.66623378858527
13.713846922811182
13.760508514796793
13.806221664986685
13.85098986976402
13.894817019326217
13.937707395268106
13.979665667858367
14.020696892993616
14.060806508813004
14.100000331954476
14.13828455343211
14.175665734111904
14.212150799761416
14.247747035646288
14.282462080644418
14.316303920845938
14.349280882604551
14.381401625003008
14.412675131692648
14.443110702064038
14.47271794170279
14.501506752081793
14.529487319438273
14.556670102781535
14.5830658209749
14.608685438833477
14.633540152178046
14.657641371784667
14.68100070616995
