0.0
0.05254405011827042
0.10475841074757458
0.1566272318736127
0.2081346064903587
0.25926458574200595
0.3100011936065985
0.36032844114364754
0.4102303403264681
0.4596909174784354
0.5086942263309938
0.5572243607199028
0.6052654669350107
0.6528017557376713
0.6998175140588772
0.7462971163901614
0.7922250358784058
0.8375858551348248
0.8823642767675831
0.9265451336467553
0.97011339890964
1.0130541957137962
1.055352806744551
1.096994683483185
1.137965455241464
1.178250937967724
1.2178371428292396
1.256710284575221
1.2948567896843763
1.3322633043006331
1.3689167019602768
1.4048040911134627
1.4399128224427755
1.4742304959812491
1.5077449680320225
1.5404443578915856
1.5723170543783658
1.6033517221682223
1.6335373079382396
1.6628630463200613
1.691318465663857
1.718893393613889
1.7455779624965266
1.7713626145214407
1.7962381067966307
1.8201955161578292
1.843226243812767
1.8653220198007001
1.8864749072675444
1.9066773065569056
1.9259219591172472
1.9442019512253932
1.961510717526528
1.977842044390831
1.9931900730868475
2.007549302771691
2.02091459329814
2.0332811678387017
2.044644615326684
2.0550008927143333
2.06434632704808
2.072677617360952
2.079991836382198
2.086286432064201
2.0915592289267426
2.0958084292187094
2.099032613897347
2.1012307434251714
2.102402158384676
2.10254657991099
2.101664109942658
2.099755231290741
2.0968208075264556
2.092862082687594
2.087880680803987
2.081878605242306
2.0748582378705116
2.066822338042293
2.0577740414018604
2.047716858509478
2.036654673288154
2.0245917412919217
2.0115326877961732
1.9974825057105339
1.9824465533147748
1.9664305518182976
1.9494405827437378
1.9314830851352465
1.9125648525920431
1.89269303012783
1.8718751108566873
1.8501189325060714
1.8274326737575568
1.8038248504159606
1.7793043114075064
1.7538802346076758
1.7275621224994098
1.7003597976623048
1.672283398093459
1.6433433723606068
1.6135504745881668
1.5829157592768217
1.5514505759572237
1.519166563678395
1.4860756453313717
1.452190021808598
1.417522165999562
1.3820848166230912
1.3458909718967098
1.3089538830433884
1.2712870476359817
1.2329042027795463
1.193819318131714
1.1540465887611708
1.113600427844251
1.0724954591995282
1.0307465096602153
0.9883686012840789
0.9453769434004402
0.901786924493738
0.8576141039229876
0.8128742034763449
0.7675830987598115
0.7217568104190012
0.6754114951926922
0.6285634367967283
0.5812290366366556
0.5334248043472762
0.4851673481571101
0.4364733650755512
0.3873596309002651
0.3378429900421656
0.2879403451650847
0.23766864663696616
0.1870448817892182
0.13608606398056594
0.08480922146151401
0.03323138603525385
-0.01863041848939071
-0.07075918805766691
-0.12313795034614328
-0.17574977696269517
-0.22857779587460408
-0.28160520407038453
-0.33481528046110043
-0.38819139902716865
-0.44171704221668173
-0.4953758146014059
-0.5491514567966335
-0.6030278596510128
-0.6569890787123477
-0.7110193489751505
-0.7651030999154292
-0.8192249708176992
-0.8733698263986269
-0.9275227727309524
-0.9816691734703596
-1.0357946663867654
-1.0898851802000735
-1.1439269517186677
-1.1979065432768896
-1.25181086046529
-1.3056271701446132
-1.3593431187311258
-1.4129467507371525
-1.4664265275462651
-1.5197713463975608
-1.5729705595478547
-1.6260139935741893
-1.678891968771903
-1.7315953185955313
-1.7841154090809184
-1.8364441581772006
-1.8885740549065595
-1.940498178258079
-1.9922102157094506
-2.0437044812568037
-2.094975932818759
-2.1460201888656862
