0.0
0.053942426776811485
0.10784541681955033
0.16169482724485762
0.21547620497429015
0.269174810310044
0.3227756395279092
0.37626344655047994
0.4296227637593356
0.4828379220008676
0.5358930698365669
0.5887721920849719
0.641459127699068
0.6939375870197333
0.7461911684428292
0.7982033745347373
0.8499576276285283
0.9014372849305032
0.9526256531645965
1.0035060027799747
1.0540615817452543
1.104275628950877
1.154131387239525
1.2036121160828628
1.2527011039214353
1.3013816801831977
1.3496372269948895
1.3974511905993205
1.4448070924905154
1.4916885402777287
1.5380792382883446
1.5839629979188876
1.629323747742525
1.674145543380745
1.7184125771461976
1.7621091874630692
1.8052198680707778
1.8477292770162441
1.8896222454394986
1.9308837861569301
1.9714991020460597
2.0114535942353378
2.0507328701021046
2.089322751081522
2.127209280288987
2.1643787299582544
2.2008176086972444
2.236512668563267
2.2714509119591955
2.305619598351909
2.3390062508141494
2.3715986623907748
2.4033849022902465
2.434353321902034
2.464492560640522
2.493791551615867
2.522239527132179
2.549826024013281
2.5765408887562478
2.602374282512838
2.6273166858988697
2.6513589036315417
2.674492068994652
2.696707648131616
2.7179974441661634
2.738353601150556
2.757768607841144
2.776235301301066
2.793746870329878
2.8102968587198864
2.8258791683389646
2.840488062039614
2.8541181663940516
2.866764474255095
2.878422347142634
2.889087517455485
2.8987560905084444
2.907424546394357
2.915089741671059
2.921748910873048
2.927399667847785
2.9320400069165196
2.935668303859599
2.9382833167262072
2.9398841864685386
2.9404704374004207
2.940041977480445
2.9385990984196817
2.936142475614097
2.9326731679018168
2.928192617145417
2.9227026476394506
2.9162054653434537
2.908703656940709
2.900200188723077
2.890698405302231
2.8802020281476755
2.868715153951949
2.856242252823448
2.8427881663073387
2.8283581052350515
2.81295764740288
2.7965927350802393
2.7792696723481565
2.7609951222685947
2.741776103885242
2.7216199890563977
2.700534499120636
2.6785277013959203
2.6556080055128657
2.6317841595828746
2.607065246201847
2.581460678290216
2.55498019477003
2.5276338560798295
2.4994320395280454
2.470385434485666
2.4405050374188804
2.409802146762429
2.3782883576343434
2.3459755563927613
2.312875915035469
2.279001885442786
2.2443661934643915
2.208981832850625
2.17286205902878
2.136020382724818
2.0984705634309164
2.0602266027191494
2.021302737401577
1.9817134325368964
1.941473374283735
1.9005974626005953
1.8591008037922903
1.8169987029026735
1.7743066559532639
1.731040342027294
1.6872156151985147
1.642848496303971
1.5979551645597436
1.5525519490185307
1.506655319867678
1.4602818795661061
1.413448353818343
1.366171582383596
1.3184685097176112
1.2703561754447037
1.2218517046571413
1.1729722980386768
1.1237352218087564
1.0741577974835474
1.0242573914495914
0.9740514043454811
0.9235572602465644
0.8727923956472784
0.821774248235226
0.7705202454507106
0.7190477928248933
0.6673742620893285
0.6155169790490259
0.5634932112107718
0.5113201551578076
0.459014923661502
0.40659453252008226
0.3540758871139275
0.3014757686664615
0.2488108201990947
0.19609753216825535
0.14335222777201717
0.0905910479135418
0.03782993580809251
-0.014915378779741736
-0.06762939568220866
-0.12029686087152588
-0.1729027834133676
-0.2254324528438591
-0.2778714569825568
-0.33020570019312356
-0.3824214221022249
-0.43450521678564263
-0.4864440524286014
-0.5382252914648875
-0.5898367111961693
-0.6412665248892838
-0.6925034033446791
-0.7435364969238318
-0.794355458017123
-0.8449504639261649
-0.8953122401259018
-0.9454320838617654
-0.9953018880256809
-1.044914165241584
-1.0942620720763034
-1.143339433274972
-1.1921407659016736
-1.2406613032454104
-1.2888970183291135
-1.3368446468350343
