0.0
0.0051377540764508504
0.009218810604357721
0.012241998147706113
0.014206515935068073
0.015111934615271288
0.014958196814626274
0.01374561749626196
0.011474884122119102
0.008147056618151889
0.0037635671432909006
-0.0016737803372751502
-0.008162810673935842
-0.0157009783490438
-0.024285368487270073
-0.033912698059343785
-0.04457931727858095
-0.05628121118959644
-0.0690140014485848
-0.08277294829454349
-0.09755295271080354
-0.11334855877622127
-0.13015395620537554
-0.14796298307710612
-0.16676912875071825
-0.1865655369691716
-0.20734500914856577
-0.22910000785322374
-0.2518226604556752
-0.2755047629808318
-0.3001377841336495
-0.3257128695095656
-0.35222084598700304
-0.3796522263012359
-0.4079972137989093
-0.4372457073725177
-0.467387306574152
-0.4984113169078319
-0.5303067552997539
-0.5630623557458028
-0.5966665751356817
-0.631107599253043
-0.66637334895102
-0.7024514865025775
