0.0
0.03856974274824588
0.07636818836174496
0.11338280801083186
0.14960129223288826
0.18501155886126844
0.21960176072175497
0.25336029310015135
0.2862758009843351
0.31833718608381345
0.3495336136295845
0.37985451895686795
0.40928961387305424
0.4378288928130305
0.46546263878384636
0.4921814291005255
0.517976140914665
0.5428379565373269
0.5667583685575904
0.5897291847580194
0.6117425328281848
0.6327908648772855
0.6528669617468177
0.6719639371241629
0.6900752414578911
0.7071946656755066
0.7233163447043066
0.7384347607959708
0.7525447466554492
0.7656414883746804
0.7777205281716324
0.7887777669351292
0.798809466575901
0.8078122521842723
0.8157831139948883
0.822719409158862
0.8286188633237155
0.833479572021485
0.837300001865349
0.8400789915551418
0.8418157526921144
0.8425098704033072
0.8421613037759041
0.8407703861019458
0.8383378249337862
0.8348647019506892
0.8303524726369705
0.8248029657721043
0.8182183827332261
0.8106012966104775
0.8019546511356535
0.7922817594246259
0.7815863025340337
0.7698723278327455
0.757144247188612
0.7434068349710456
0.7286652258699748
0.7129249125317365
0.6961917430124817
0.678471918049686
0.6597719881523615
0.6400988505105824
0.6194597457249439
0.5978622543565817
0.5753142932983869
0.5518241119680529
0.5274002883235973
0.5020517247020009
0.4757876434816038
0.4486175825689005
0.4205513907103607
0.39159922262990443
0.3617715339926448
0.3310790761954935
0.29953289098522334
0.2671443049045392
0.23392492356670985
0.19988662575927238
0.1650415573772945
0.12940212518665398
0.09298099041775004
0.05579106219002345
0.01784549076762329
-0.020842339353495422
-0.060258816526808534
-0.1003901092046143
-0.14122217335545895
-0.1827407600495451
-0.22493142321213036
-0.26777952754500184
-0.31127025661619034
-0.3553886211181537
-0.40011946729476655
-0.4454474855375149
-0.49135721915139474
-0.5378330732911163
-0.5848593240682909
-0.6324201278303822
-0.6804995306123218
-0.7290814777617421
-0.7781498237389339
-0.8276883420926752
-0.8776807356132349
-0.9281106466638808
-0.978961667692355
-1.0302173519238473
-1.0818612242370371
-1.1338767922248856
-1.186247557441848
-1.23895702683923
-1.2919887243904378
-1.3453262029077901
-1.3989530560525971
-1.4528529305400373
-1.5070095385403404
-1.5614066702775309
-1.6160282068268297
-1.670858133111525
-1.7258805510997426
