0.0
0.012458833951768394
0.02386879393788269
0.03422609841469395
0.04352733492785534
0.05176946229676984
0.05894981259091847
0.06506609289867679
0.07011638688920817
0.07409915616800691
0.0770132414266528
0.07885786338732967
0.07963262354265474
0.07933750469136264
0.07797287127038643
0.07553946948388027
0.07203842722973053
0.06747125382410826
0.06183983952462137
0.05514645485263333
0.04739374971532421
0.03858475232807891
0.028722867937799546
0.017811877347748334
0.00585593524454063
-0.0071404316720811625
-0.021172326756050276
-0.03623448567769986
-0.05232127888174236
-0.0694267142398261
-0.08754443989698153
-0.10666774731125672
-0.12678957448583536
-0.14790250939292066
-0.16999879358866077
-0.19307032601838633
-0.21710866701142617
-0.24210504246476183
-0.26805034821478235
-0.2949351545964
-0.32274971118878865
-0.3514839517470116
-0.38112749931880907
-0.4116696715458292
-0.44309948614858896
-0.4754056665944701
-0.5085766479480678
-0.5426005829032279
-0.5774653479961283
-0.6131585499987835
-0.6496675324923762
-0.6869793826198468
-0.7250809380172106
-0.763958793923088
-0.8035993104659915
-0.8439886201289384
-0.8851126353909965
-0.9269570565454311
-0.9695073796941487
-1.012748904918189
-1.056666744624072
-1.1012458320658516
-1.1464709300427767
-1.1923266397725285
-1.2387974099400403
-1.2858675459219717
