0.0
0.03134083756673644
0.06178808920369573
0.09133144127994439
0.11996086719382618
0.14766663355002763
0.17443930611605457
0.2002697555600005
0.22514916297132687
0.24906902516623863
0.272021159779101
0.2939977101412261
0.3149911499482476
0.3349942877172015
0.3540002710343402
0.3720025905946251
0.38899508403376815
0.40497193955362737
0.4199276993417008
0.4338572627854114
0.4467558894818277
0.4586192020434253
0.4694431887004584
0.4792242057004795
0.48795897950552114
0.4956446087874298
0.5022785662218278
0.507858700081162
0.5123832356272913
0.515850776304054
0.5182603047302563
0.5196111834935183
0.519903155745416
0.5191363455983616
0.5173112583246688
0.5144287803582561
0.5104901790994512
0.5054971025233673
0.49945157859233635
0.49235601447289046
0.484213195557803
0.4750262842937078
0.46479881881483204
0.45353471138339263
0.44123824663721783
0.4279140796451733
0.41356723377098326
0.3982030983460524
0.38182742615190757
0.36444633071289034
0.34606628339974366
0.3266941103447472
0.3063369891690642
0.28500244552297516
0.26269834943967396
0.2394329115033177
0.21521467883201684
0.19005253087645685
0.1639556750348495
0.13693364208489864
0.1089962814334755
0.08015375618467682
0.05041653802694861
0.019795401939928053
-0.011698579278337683
-0.044054040663173574
-0.07725933091343931
-0.1113025183994823
-0.14617139734832604
-0.1818534942055412
-0.21833607417331127
-0.25560614792421166
-0.2936504784902827
-0.33245558832700095
-0.3720077665518118
-0.4122930763569294
-0.4532973625961668
-0.4950062595456114
-0.5374051988380212
-0.5804794175708892
-0.6242139665881711
-0.6685937189357677
-0.7136033784908906
-0.7592274887655511
-0.8054504418844609
-0.8522564877377314
-0.8996297433088082
-0.9475542021782043
-0.9960137442036294
-1.0449921453772122
-1.0944730878605933
-1.1444401701987266
-1.1948769177133094
-1.2457667930768015
-1.2970932070680838
