0.0
0.02774766468452129
0.05571781207699737
0.08390659978624278
0.1123100885575221
0.1409242442048209
0.16974493957193415
0.19876795652195267
0.22798898795470957
0.25740363985171744
0.2870074333481129
0.31679580683109787
0.34676411806434426
0.3769076463378156
0.4072215946424275
0.43770109186896
0.46834119503060717
0.4991368915085367
0.530083101319809
0.561174679406993
0.5924064179487948
0.6237730486910026
0.6552692452970312
0.6868896257173395
0.7186287545769763
0.7504811455804975
0.7824412639334827
0.814503528779871
0.846662315654316
0.8789119589487573
0.9112467543923886
0.9436609615441931
0.9761488062972122
1.0087044833936942
1.0413221589502724
1.073995972992307
1.1067200419965166
1.1394884614410252
1.1722953083619352
1.2051346439155388
1.2380005159452705
1.2708869615524971
1.3037880096702439
1.336697683638944
1.3696100037833001
1.4025189899893427
1.4354186642807667
1.4683030533936277
1.5011661913484762
1.5340021220190088
1.5668049016963141
1.599568601647792
1.6322873106698252
1.6649551376332816
1.6975662140209309
1.730114696455858
1.7625947692199597
1.795000646761612
1.827326576191603
1.8595668397664231
1.891715757358016
1.9237676889090933
1.9557170368731238
1.987558248638109
2.019285818933265
2.0508942922177438
2.082378265050515
2.113732388440559
2.144951370176508
2.1760299771348928
2.2069630375661564
2.2377454433576007
2.268372152272442
2.2988381901641657
2.329138653165361
2.3592687098502507
2.3892236033701164
2.4189986535608377
2.448589259021779
2.4779908991652513
2.507199136235799
2.536209617298562
2.565018076195974
2.5936203354720693
2.6220123082636695
2.6501900001577443
2.678149511014229
2.7058870367536065
2.733398871108554
2.7606814073389674
2.7877311399096834
2.8145446661302116
2.8411186877558126
2.8674500125492393
2.893535555802471
2.9193723418177737
2.944957505347404
2.9702882929912837
2.9953620645519687
3.0201762943462094
3.044728572472421
3.0690166060333386
3.0930382203131477
3.1167913599083383
3.140274089811526
3.1634845964474594
3.1864211886603924
3.2090822986519902
3.2314664828688793
3.253572422838922
3.275398925955259
3.2969449262070887
3.318209484856115
3.339191791057519
3.359891162424245
3.380307045533305
3.4004390163727236
3.4202867807276522
3.439850174504058
