0.0
0.02375299006672489
0.04784971551067614
0.07228923733664892
0.09707045786850242
0.12219212193509445
0.14765281809371922
0.1734509798914209
0.19958488716455217
0.22605266737690413
0.2528522969967237
0.27998160291288493
0.30743826389046636
0.33521981206593177
0.3633236344820947
0.39174697466299235
0.4204869342287671
0.4495404745506132
0.4789044184458047
0.5085754519127823
0.538550125906239
0.5688248581521096
0.5993959350023219
0.6302595133291388
0.6614116224588749
0.692848166144748
0.7245649245785701
0.7565575564409682
0.7888216009897754
0.8213524801862073
0.8541455008584039
0.8871958569018823
0.9204986315164198
0.9540487994788512
0.9878412294512393
1.021870686323843
1.0561318335922867
1.0906192357683027
1.1253273608233916
1.1602505826647245
1.1953831836425821
1.2307193570886048
1.2662532098841033
1.3019787650576558
1.3378899644112012
1.373980671173812
1.4102446726823126
1.4466756830878902
1.483267346087827
1.5200132376814632
1.5569068689494858
1.5939416888556206
1.6311110870697862
1.668408396811766
1.705826897714419
1.7433598187054635
1.7810003409068258
1.8187416005505654
1.856576691910346
1.8944986702474367
1.9325005547701992
1.9705753316060224
2.008715956784641
2.0469153592317855
2.0851664437720845
2.1234620941401516
2.161795175998765
2.2001585399630588
2.238545024629632
2.2769474596094716
2.3153586685636016
2.3537714722403376
2.3921786915130583
2.43057315041737
2.4689476791865697
2.507295117284282
2.545608316433175
2.583880143638632
2.622103484206286
2.6602712447522934
2.6983763562052614
2.7364117767987097
2.7743704950529864
2.8122455327455294
2.8500299478683933
2.8877168375719577
2.9252993410937296
2.9627706426711806
3.000123974437541
3.037352619299503
3.074449913795771
3.11140925093543
3.1482240830150814
3.1848879244137414
3.2213943543644667
3.2577370197017195
3.293909637583463
3.329905998187019
3.3657199673777
3.4013454893492674
3.4367765892352615
3.4720073756902723
3.507032043440222
3.541844875800757
3.576440247162852
3.610812625444741
3.6449565745093087
3.6788667565460935
3.712537934417058
3.74596497396531
3.7791428462859487
3.8120666299582675
3.84473151323851
3.877132796212431
3.909265892906903
3.9411263333598403
3.9727097656477204
4.00401195786999
4.0350288000896715
4.065756306229492
4.096190615922862
4.126327996319056
4.156164843841954
4.185697685901715
4.21492318255875
4.243838128139395
4.272439452802672
4.300724224057534
4.328689648230006
4.356333071879615
4.383651983164521
4.410644013154748
4.437306937092905
4.463638675601787
4.489637295838224
4.515301012592532
4.540628189332905
4.565617339194045
4.590267125909316
4.614576364685649
4.638544023020395
4.66216922145926
4.6854512342944155
4.708389490201777
4.730983572816391
4.753233221244771
4.775138330512924
4.796698951948683
4.817915293496849
4.838787719965499
4.859316753201632
4.879503072194189
4.899347513102238
4.918851069205939
4.938014890777626
4.956840284870098
4.97532871501892
4.993481800855202
5.011301317624995
5.028789195611052
5.045947519452301
5.062778527355936
5.079284610196573
5.095468310496377
5.111332321279578
5.126879484794188
5.142112791093156
5.1570353764665695
5.1716505217158515
5.185961650260272
5.19997232606539
5.213686251382382
5.227107264286567
5.240239336002768
5.253086568004579
5.265653188874072
5.27794355090799
5.289962126456168
5.301713503977675
